50.02500  0.140463E-02    2.08948       0.438776E-04   0.905449E-01
49.87500  0.143618E-02    2.12871       0.443907E-04   0.913725E-01
49.72500  0.144281E-02    2.12875       0.446352E-04   0.916070E-01
49.57500  0.144916E-02    2.12884       0.448693E-04   0.918176E-01
49.42500  0.145555E-02    2.12922       0.451022E-04   0.920267E-01
49.27500  0.146200E-02    2.12977       0.453338E-04   0.922343E-01
49.12500  0.146850E-02    2.13046       0.455638E-04   0.924395E-01
48.97500  0.147505E-02    2.13123       0.457923E-04   0.926422E-01
48.82500  0.148166E-02    2.13207       0.460193E-04   0.928425E-01
48.67500  0.148831E-02    2.13297       0.462453E-04   0.930420E-01
48.52500  0.149501E-02    2.13391       0.464701E-04   0.932391E-01
48.37500  0.150177E-02    2.13487       0.466940E-04   0.934354E-01
48.22500  0.150857E-02    2.13586       0.469171E-04   0.936303E-01
48.07500  0.151541E-02    2.13686       0.471390E-04   0.938233E-01
47.92500  0.152229E-02    2.13788       0.473609E-04   0.940166E-01
47.77500  0.152921E-02    2.13891       0.475818E-04   0.942086E-01
47.62500  0.153617E-02    2.13994       0.478022E-04   0.943999E-01
47.47500  0.154317E-02    2.14098       0.480222E-04   0.945904E-01
47.32500  0.155021E-02    2.14203       0.482419E-04   0.947809E-01
47.17500  0.155728E-02    2.14308       0.484615E-04   0.949715E-01
47.02500  0.156440E-02    2.14413       0.486807E-04   0.951616E-01
46.87500  0.157155E-02    2.14519       0.489000E-04   0.953522E-01
46.72500  0.157874E-02    2.14624       0.491188E-04   0.955428E-01
46.57500  0.158597E-02    2.14730       0.493377E-04   0.957334E-01
46.42500  0.159324E-02    2.14836       0.495567E-04   0.959245E-01
46.27500  0.160055E-02    2.14941       0.497758E-04   0.961161E-01
46.12500  0.160789E-02    2.15047       0.499952E-04   0.963085E-01
45.97500  0.161527E-02    2.15152       0.502145E-04   0.965015E-01
45.82500  0.162269E-02    2.15258       0.504341E-04   0.966947E-01
45.67500  0.163015E-02    2.15364       0.506541E-04   0.968894E-01
45.52500  0.163765E-02    2.15470       0.508745E-04   0.970849E-01
45.37500  0.164519E-02    2.15575       0.510949E-04   0.972805E-01
45.22500  0.165277E-02    2.15681       0.513163E-04   0.974783E-01
45.07500  0.166039E-02    2.15787       0.515374E-04   0.976759E-01
44.92500  0.166804E-02    2.15892       0.517593E-04   0.978752E-01
44.77500  0.167574E-02    2.15998       0.519815E-04   0.980753E-01
44.62500  0.168347E-02    2.16104       0.522044E-04   0.982766E-01
44.47500  0.169125E-02    2.16209       0.524274E-04   0.984783E-01
44.32500  0.169906E-02    2.16315       0.526514E-04   0.986822E-01
44.17500  0.170692E-02    2.16421       0.528758E-04   0.988870E-01
44.02500  0.171482E-02    2.16527       0.531009E-04   0.990932E-01
43.87500  0.172276E-02    2.16632       0.533267E-04   0.993008E-01
43.72500  0.173074E-02    2.16739       0.535531E-04   0.995101E-01
43.57500  0.173876E-02    2.16845       0.537803E-04   0.997207E-01
43.42500  0.174682E-02    2.16951       0.540080E-04   0.999323E-01
43.27500  0.175493E-02    2.17057       0.542365E-04   0.100145
43.12500  0.176308E-02    2.17164       0.544659E-04   0.100360
42.97500  0.177127E-02    2.17271       0.546960E-04   0.100577
42.82500  0.177951E-02    2.17377       0.549270E-04   0.100795
42.67500  0.178779E-02    2.17484       0.551587E-04   0.101014
42.52500  0.179611E-02    2.17592       0.553914E-04   0.101235
42.37500  0.180448E-02    2.17699       0.556250E-04   0.101458
42.22500  0.181289E-02    2.17807       0.558590E-04   0.101682
42.07500  0.182134E-02    2.17914       0.560942E-04   0.101908
41.92500  0.182984E-02    2.18022       0.563303E-04   0.102136
41.77500  0.183839E-02    2.18131       0.565674E-04   0.102365
41.62500  0.184698E-02    2.18239       0.568048E-04   0.102595
41.47500  0.185561E-02    2.18347       0.570434E-04   0.102828
41.32500  0.186430E-02    2.18457       0.572832E-04   0.103062
41.17500  0.187303E-02    2.18565       0.575234E-04   0.103297
41.02500  0.188180E-02    2.18675       0.577650E-04   0.103535
40.87500  0.189062E-02    2.18784       0.580076E-04   0.103775
40.72500  0.189949E-02    2.18893       0.582511E-04   0.104016
40.57500  0.190841E-02    2.19003       0.584961E-04   0.104260
40.42500  0.191738E-02    2.19114       0.587418E-04   0.104505
40.27500  0.192639E-02    2.19226       0.589889E-04   0.104753
40.12500  0.193546E-02    2.19337       0.592361E-04   0.105000
39.97500  0.194458E-02    2.19450       0.594840E-04   0.105250
39.82500  0.195374E-02    2.19562       0.597318E-04   0.105499
39.67500  0.196296E-02    2.19675       0.599804E-04   0.105751
39.52500  0.197223E-02    2.19788       0.602289E-04   0.106003
39.37500  0.198155E-02    2.19902       0.604778E-04   0.106256
39.22500  0.199092E-02    2.20015       0.607269E-04   0.106510
39.07500  0.200034E-02    2.20128       0.609765E-04   0.106766
38.92500  0.200981E-02    2.20241       0.612266E-04   0.107023
38.77500  0.201933E-02    2.20354       0.614779E-04   0.107283
38.62500  0.202890E-02    2.20467       0.617302E-04   0.107545
38.47500  0.203852E-02    2.20580       0.619836E-04   0.107809
38.32500  0.204820E-02    2.20694       0.622381E-04   0.108076
38.17500  0.205792E-02    2.20808       0.624937E-04   0.108345
38.02500  0.206771E-02    2.20922       0.627503E-04   0.108616
37.87500  0.207754E-02    2.21037       0.630083E-04   0.108890
37.72500  0.208743E-02    2.21153       0.632673E-04   0.109166
37.57500  0.209737E-02    2.21268       0.635273E-04   0.109444
37.42500  0.210737E-02    2.21384       0.637882E-04   0.109725
37.27500  0.211742E-02    2.21500       0.640501E-04   0.110007
37.12500  0.212753E-02    2.21616       0.643132E-04   0.110291
36.97500  0.213769E-02    2.21733       0.645777E-04   0.110578
36.82500  0.214791E-02    2.21851       0.648429E-04   0.110868
36.67500  0.215819E-02    2.21968       0.651095E-04   0.111159
36.52500  0.216852E-02    2.22086       0.653770E-04   0.111453
36.37500  0.217891E-02    2.22204       0.656457E-04   0.111749
36.22500  0.218936E-02    2.22323       0.659153E-04   0.112048
36.07500  0.219986E-02    2.22442       0.661867E-04   0.112349
35.92500  0.221043E-02    2.22561       0.664585E-04   0.112652
35.77500  0.222105E-02    2.22682       0.667322E-04   0.112958
35.62500  0.223173E-02    2.22802       0.670071E-04   0.113268
35.47500  0.224248E-02    2.22923       0.672825E-04   0.113578
35.32500  0.225328E-02    2.23044       0.675598E-04   0.113893
35.17500  0.226414E-02    2.23166       0.678382E-04   0.114209
35.02500  0.227507E-02    2.23288       0.681177E-04   0.114528
34.87500  0.228605E-02    2.23410       0.683986E-04   0.114851
34.72500  0.229710E-02    2.23533       0.686805E-04   0.115175
34.57500  0.230821E-02    2.23657       0.689643E-04   0.115503
34.42500  0.231939E-02    2.23781       0.692485E-04   0.115833
34.27500  0.233062E-02    2.23905       0.695342E-04   0.116165
34.12500  0.234192E-02    2.24030       0.698212E-04   0.116501
33.97500  0.235329E-02    2.24155       0.701099E-04   0.116840
33.82500  0.236472E-02    2.24281       0.703991E-04   0.117181
33.67500  0.237621E-02    2.24408       0.706906E-04   0.117526
33.52500  0.238777E-02    2.24535       0.709829E-04   0.117873
33.37500  0.239940E-02    2.24662       0.712769E-04   0.118224
33.22500  0.241109E-02    2.24790       0.715714E-04   0.118577
33.07500  0.242285E-02    2.24919       0.718685E-04   0.118934
32.92500  0.243468E-02    2.25048       0.721665E-04   0.119294
32.77500  0.244657E-02    2.25178       0.724657E-04   0.119657
32.62500  0.245854E-02    2.25308       0.727667E-04   0.120023
32.47500  0.247057E-02    2.25439       0.730684E-04   0.120391
32.32500  0.248267E-02    2.25570       0.733720E-04   0.120764
32.17500  0.249484E-02    2.25702       0.736771E-04   0.121141
32.02500  0.250709E-02    2.25835       0.739835E-04   0.121520
31.87500  0.251940E-02    2.25968       0.742915E-04   0.121903
31.72500  0.253179E-02    2.26102       0.746013E-04   0.122289
31.57500  0.254424E-02    2.26236       0.749115E-04   0.122678       
31.42500  0.255678E-02    2.26371       0.752242E-04   0.123072
31.27500  0.256938E-02    2.26507       0.755383E-04   0.123469
31.12500  0.258206E-02    2.26643       0.758537E-04   0.123869
30.97500  0.259481E-02    2.26781       0.761712E-04   0.124274
30.82500  0.260764E-02    2.26918       0.764896E-04   0.124682
30.67500  0.262054E-02    2.27056       0.768104E-04   0.125094
30.52500  0.263352E-02    2.27195       0.771326E-04   0.125510
30.37500  0.264658E-02    2.27336       0.774574E-04   0.125931
30.22500  0.265972E-02    2.27477       0.777827E-04   0.126355
30.07500  0.267293E-02    2.27620       0.781093E-04   0.126782
29.92500  0.268623E-02    2.27763       0.784358E-04   0.127210
29.77500  0.269961E-02    2.27907       0.787631E-04   0.127643
29.62500  0.271308E-02    2.28052       0.790899E-04   0.128077
29.47500  0.272662E-02    2.28196       0.794173E-04   0.128514
29.32500  0.274024E-02    2.28341       0.797429E-04   0.128952
29.17500  0.275394E-02    2.28485       0.800693E-04   0.129394
29.02500  0.276772E-02    2.28630       0.803951E-04   0.129838
28.87500  0.278157E-02    2.28774       0.807225E-04   0.130288
28.72500  0.279551E-02    2.28919       0.810512E-04   0.130743
28.57500  0.280952E-02    2.29064       0.813805E-04   0.131202
28.42500  0.282362E-02    2.29210       0.817127E-04   0.131668
28.27500  0.283781E-02    2.29357       0.820460E-04   0.132138
28.12500  0.285208E-02    2.29505       0.823824E-04   0.132615
27.97500  0.286644E-02    2.29653       0.827189E-04   0.133096
27.82500  0.288088E-02    2.29803       0.830579E-04   0.133582
27.67500  0.289542E-02    2.29953       0.833992E-04   0.134075
27.52500  0.291004E-02    2.30104       0.837411E-04   0.134572
27.37500  0.292476E-02    2.30257       0.840873E-04   0.135077
27.22500  0.293956E-02    2.30410       0.844333E-04   0.135586
27.07500  0.295446E-02    2.30565       0.847819E-04   0.136101
26.92500  0.296945E-02    2.30720       0.851326E-04   0.136623       
26.77500  0.298453E-02    2.30877       0.854855E-04   0.137150
26.62500  0.299970E-02    2.31034       0.858397E-04   0.137682
26.47500  0.301497E-02    2.31193       0.861965E-04   0.138222
26.32500  0.303034E-02    2.31352       0.865545E-04   0.138767
26.17500  0.304580E-02    2.31513       0.869146E-04   0.139318
26.02500  0.306136E-02    2.31674       0.872772E-04   0.139876
25.87500  0.307701E-02    2.31837       0.876424E-04   0.140441
25.72500  0.309276E-02    2.32001       0.880097E-04   0.141013
25.57500  0.310862E-02    2.32167       0.883788E-04   0.141592
25.42500  0.312457E-02    2.32333       0.887508E-04   0.142177
25.27500  0.314063E-02    2.32501       0.891249E-04   0.142771
25.12500  0.315679E-02    2.32670       0.895016E-04   0.143371
24.97500  0.317305E-02    2.32841       0.898811E-04   0.143980
24.82500  0.318941E-02    2.33012       0.902625E-04   0.144595
24.67500  0.320588E-02    2.33185       0.906459E-04   0.145217
24.52500  0.322246E-02    2.33360       0.910335E-04   0.145850
24.37500  0.323914E-02    2.33536       0.914228E-04   0.146489
24.22500  0.325593E-02    2.33713       0.918154E-04   0.147137
24.07500  0.327283E-02    2.33891       0.922095E-04   0.147792
23.92500  0.328984E-02    2.34072       0.926074E-04   0.148457
23.77500  0.330696E-02    2.34253       0.930081E-04   0.149130
23.62500  0.332420E-02    2.34437       0.934122E-04   0.149814
23.47500  0.334154E-02    2.34622       0.938184E-04   0.150505
23.32500  0.335900E-02    2.34808       0.942286E-04   0.151206
23.17500  0.337658E-02    2.34997       0.946423E-04   0.151918
23.02500  0.339428E-02    2.35188       0.950595E-04   0.152639
22.87500  0.341209E-02    2.35379       0.954790E-04   0.153370
22.72500  0.343002E-02    2.35573       0.959030E-04   0.154112
22.57500  0.344807E-02    2.35769       0.963305E-04   0.154864
22.42500  0.346625E-02    2.35967       0.967615E-04   0.155626
22.27500  0.348454E-02    2.36166       0.971967E-04   0.156401        
22.12500  0.350296E-02    2.36368       0.976357E-04   0.157187
21.97500  0.352151E-02    2.36571       0.980789E-04   0.157985
21.82500  0.354018E-02    2.36777       0.985265E-04   0.158795
21.67500  0.355898E-02    2.36985       0.989785E-04   0.159617
21.52500  0.357791E-02    2.37195       0.994346E-04   0.160452
21.37500  0.359697E-02    2.37409       0.998958E-04   0.161299
21.22500  0.361616E-02    2.37624       0.100362E-03   0.162161
21.07500  0.363549E-02    2.37841       0.100832E-03   0.163034
20.92500  0.365495E-02    2.38060       0.101308E-03   0.163924
20.77500  0.367454E-02    2.38283       0.101790E-03   0.164828
20.62500  0.369428E-02    2.38508       0.102278E-03   0.165749
20.47500  0.371416E-02    2.38736       0.102772E-03   0.166684
20.32500  0.373418E-02    2.38968       0.103273E-03   0.167636
20.17500  0.375435E-02    2.39203       0.103778E-03   0.168603
20.02500  0.377467E-02    2.39441       0.104289E-03   0.169585
19.87500  0.379514E-02    2.39682       0.104804E-03   0.170581
19.72500  0.381576E-02    2.39926       0.105323E-03   0.171592
19.57500  0.383653E-02    2.40173       0.105844E-03   0.172616
19.42500  0.385745E-02    2.40422       0.106371E-03   0.173657
19.27500  0.387853E-02    2.40674       0.106900E-03   0.174713
19.12500  0.389975E-02    2.40929       0.107435E-03   0.175786
18.97500  0.392112E-02    2.41185       0.107972E-03   0.176874
18.82500  0.394265E-02    2.41445       0.108519E-03   0.177988
18.67500  0.396433E-02    2.41707       0.109071E-03   0.179120
18.52500  0.398618E-02    2.41974       0.109634E-03   0.180280
18.37500  0.400818E-02    2.42243       0.110206E-03   0.181465
18.22500  0.403036E-02    2.42517       0.110788E-03   0.182674
18.07500  0.405270E-02    2.42796       0.111381E-03   0.183912
17.92500  0.407522E-02    2.43080       0.111986E-03   0.185178
17.77500  0.409791E-02    2.43368       0.112601E-03   0.186472
17.62500  0.412078E-02    2.43661       0.113230E-03   0.187798      
17.47500  0.414384E-02    2.43960       0.113873E-03   0.189155
17.32500  0.416708E-02    2.44264       0.114529E-03   0.190543
17.17500  0.419050E-02    2.44573       0.115199E-03   0.191965
17.02500  0.421412E-02    2.44889       0.115884E-03   0.193421
16.87500  0.423792E-02    2.45211       0.116587E-03   0.194914
16.72500  0.426193E-02    2.45539       0.117306E-03   0.196444
16.57500  0.428614E-02    2.45873       0.118042E-03   0.198012
16.42500  0.431054E-02    2.46214       0.118797E-03   0.199620
16.27500  0.433515E-02    2.46563       0.119573E-03   0.201271
16.12500  0.435997E-02    2.46919       0.120369E-03   0.202967
15.97500  0.438501E-02    2.47283       0.121187E-03   0.204707
15.82500  0.441026E-02    2.47654       0.122029E-03   0.206497
15.67500  0.443573E-02    2.48034       0.122896E-03   0.208336
15.52500  0.446143E-02    2.48424       0.123792E-03   0.210228
15.37500  0.448736E-02    2.48822       0.124715E-03   0.212176
15.22500  0.451353E-02    2.49231       0.125670E-03   0.214183
15.07500  0.453993E-02    2.49650       0.126654E-03   0.216247
14.92500  0.456658E-02    2.50079       0.127669E-03   0.218371
14.77500  0.459347E-02    2.50518       0.128716E-03   0.220555
14.62500  0.462061E-02    2.50968       0.129796E-03   0.222805
14.47500  0.464801E-02    2.51428       0.130910E-03   0.225119
14.32500  0.467565E-02    2.51900       0.132061E-03   0.227501
14.17500  0.470356E-02    2.52383       0.133251E-03   0.229957
14.02500  0.473174E-02    2.52878       0.134483E-03   0.232489
13.87500  0.476018E-02    2.53386       0.135761E-03   0.235102
13.72500  0.478890E-02    2.53908       0.137090E-03   0.237803
13.57500  0.481790E-02    2.54444       0.138472E-03   0.240594
13.42500  0.484720E-02    2.54996       0.139914E-03   0.243484
13.27500  0.487679E-02    2.55564       0.141417E-03   0.246474
13.12500  0.490669E-02    2.56151       0.142992E-03   0.249577
12.97500  0.493690E-02    2.56756       0.144637E-03   0.252793      
12.82500  0.496743E-02    2.57380       0.146358E-03   0.256124
12.67500  0.499828E-02    2.58023       0.148160E-03   0.259581
12.52500  0.502946E-02    2.58688       0.150048E-03   0.263164
12.37500  0.506097E-02    2.59373       0.152028E-03   0.266884
12.22500  0.509282E-02    2.60081       0.154104E-03   0.270741
12.07500  0.512502E-02    2.60811       0.156279E-03   0.274739
11.92500  0.515757E-02    2.61566       0.158565E-03   0.278891
11.77500  0.519048E-02    2.62346       0.160966E-03   0.283198
11.62500  0.522374E-02    2.63151       0.163485E-03   0.287664
11.47500  0.525737E-02    2.63982       0.166131E-03   0.292297
11.32500  0.529137E-02    2.64841       0.168914E-03   0.297104
11.17500  0.532574E-02    2.65728       0.171839E-03   0.302092
11.02500  0.536047E-02    2.66643       0.174907E-03   0.307256
10.87500  0.539558E-02    2.67586       0.178130E-03   0.312606
10.72500  0.543107E-02    2.68560       0.181516E-03   0.318147
10.57500  0.546694E-02    2.69566       0.185080E-03   0.323893
10.42500  0.550319E-02    2.70605       0.188829E-03   0.329847
10.27500  0.555236E-02    2.73419       0.199333E-03   0.343619
10.12500  0.558131E-02    2.73498       0.199773E-03   0.345614
 9.97500  0.561616E-02    2.74228       0.202508E-03   0.350372
 9.82500  0.563780E-02    2.73028       0.197716E-03   0.346719
 9.67500  0.566602E-02    2.72642       0.195870E-03   0.346445
 9.52500  0.569768E-02    2.72749       0.195969E-03   0.348423
 9.37500  0.573165E-02    2.73180       0.197367E-03   0.351929
 9.22500  0.576727E-02    2.73830       0.199678E-03   0.356512
 9.07500  0.580409E-02    2.74631       0.202645E-03   0.361863
 8.92500  0.584183E-02    2.75544       0.206121E-03   0.367806
 8.77500  0.588030E-02    2.76537       0.209994E-03   0.374201
 8.62500  0.591935E-02    2.77593       0.214202E-03   0.380972
 8.47500  0.595892E-02    2.78699       0.218696E-03   0.388056
 8.32500  0.599896E-02    2.79853       0.223487E-03   0.395450        
 8.17500  0.603944E-02    2.81049       0.228551E-03   0.403130
 8.02500  0.608032E-02    2.82283       0.233879E-03   0.411072
 7.87500  0.612160E-02    2.83554       0.239470E-03   0.419272
 7.72500  0.616330E-02    2.84863       0.245319E-03   0.427718
 7.57500  0.620546E-02    2.86211       0.251418E-03   0.436404
 7.42500  0.624806E-02    2.87595       0.257756E-03   0.445318
 7.27500  0.629109E-02    2.89011       0.264314E-03   0.454443
 7.12500  0.633452E-02    2.90457       0.271097E-03   0.463785
 6.97500  0.637835E-02    2.91930       0.278097E-03   0.473336
 6.82500  0.642257E-02    2.93435       0.285340E-03   0.483122
 6.67500  0.646719E-02    2.94971       0.292834E-03   0.493147
 6.52500  0.651218E-02    2.96535       0.300569E-03   0.503397
 6.37500  0.655759E-02    2.98142       0.308630E-03   0.513944
 6.22500  0.660341E-02    2.99784       0.316992E-03   0.524762
 6.07500  0.664958E-02    3.01464       0.325692E-03   0.535877
 5.92500  0.669619E-02    3.03189       0.334665E-03   0.547226
 5.77500  0.674367E-02    3.04991       0.343897E-03   0.558807
 5.62500  0.679244E-02    3.06886       0.353316E-03   0.570600
 5.47500  0.684247E-02    3.08828       0.362618E-03   0.582417
 5.32500  0.689356E-02    3.10804       0.371805E-03   0.594308
 5.17500  0.694562E-02    3.12782       0.380665E-03   0.606145
 5.02500  0.699848E-02    3.14767       0.389261E-03   0.617997
 4.87500  0.705250E-02    3.16820       0.397718E-03   0.629965
 4.72500  0.710844E-02    3.18946       0.405562E-03   0.641749
 4.57500  0.716709E-02    3.21172       0.412560E-03   0.653279
 4.42500  0.722871E-02    3.23460       0.418290E-03   0.664364
 4.27500  0.729325E-02    3.25794       0.422613E-03   0.674985
 4.12500  0.736067E-02    3.28155       0.425354E-03   0.685067
 3.97500  0.743083E-02    3.30571       0.426531E-03   0.694612
 3.82500  0.750471E-02    3.33113       0.425764E-03   0.703317
 3.67500  0.758407E-02    3.35915       0.422915E-03   0.711098       
 3.52500  0.767031E-02    3.38992       0.417402E-03   0.717594
 3.37500  0.776345E-02    3.42305       0.408793E-03   0.722481
 3.22500  0.786341E-02    3.45836       0.396854E-03   0.725433
 3.07500  0.796967E-02    3.49526       0.381190E-03   0.725862
 2.92500  0.808176E-02    3.53495       0.362120E-03   0.723500
 2.77500  0.820117E-02    3.57952       0.339582E-03   0.717628
 2.62500  0.833029E-02    3.63128       0.313594E-03   0.707481
 2.47500  0.846941E-02    3.69058       0.284057E-03   0.691957
 2.32500  0.861713E-02    3.75743       0.251327E-03   0.669845
 2.17500  0.877203E-02    3.83258       0.216493E-03   0.640224
 2.02500  0.892897E-02    3.91732       0.181157E-03   0.602521
 1.87500  0.908581E-02    4.01842       0.147411E-03   0.557100
 1.72500  0.924790E-02    4.14700       0.117241E-03   0.505783
 1.57500  0.942254E-02    4.31265       0.915399E-04   0.450709
 1.42500  0.960598E-02    4.52189       0.702882E-04   0.393295
 1.27500  0.991419E-02    4.85067       0.539443E-04   0.332945
 1.12500  0.101580E-01    5.21203       0.394125E-04   0.268285
 0.97500  0.103955E-01    5.64979       0.242693E-04   0.171078
 0.82500  0.107162E-01    6.31738       0.200745E-04   0.143805
 0.67500  0.110751E-01    7.26731       0.172233E-04   0.124999
 0.52500  0.114796E-01    8.70906       0.148525E-04   0.108598
 0.37500  0.119101E-01    10.00         0.127260E-04   0.931298E-01
 0.22500  0.111494E-01    10.00         0.104312E-04   0.745815E-01
 0.07500  0.834378E-02    10.00         0.866721E-05   0.595024E-01
 0.0      0.83E-02        10.0          0.866721E-05   0.595024E-01



